    0.0000000000E+00   -4.7092742596E-01
    3.9215686275E-03   -4.4906959649E-01
    7.8431372549E-03   -4.2683916470E-01
    1.1764705882E-02   -4.0473791305E-01
    1.5686274510E-02   -3.8098798324E-01
    1.9607843137E-02   -3.6171532332E-01
    2.3529411765E-02   -3.2757095186E-01
    2.7450980392E-02   -3.3540017822E-01
    3.1372549020E-02   -2.3109848388E-01
    3.5294117647E-02   -3.9951614109E-01
    3.9215686275E-02    4.0347280080E-02
    4.3137254902E-02   -7.5083008067E-01
    4.7058823529E-02    7.0532872910E-01
    5.0980392157E-02   -1.4996283444E+00
    5.4901960784E-02    1.5508695903E+00
    5.8823529412E-02   -1.9281555447E+00
    6.2745098039E-02    1.4419591516E+00
    6.6666666667E-02   -1.0307873138E+00
    7.0588235294E-02    3.0935589370E-01
    7.4509803922E-02   -4.6809729721E-02
    7.8431372549E-02   -2.2185073024E-02
    8.2352941176E-02    2.4530521430E-03
    8.6274509804E-02    2.7089688072E-02
    9.0196078431E-02    5.1709877958E-02
    9.4117647059E-02    7.6298674982E-02
    9.8039215686E-02    1.0084115138E-01
    1.0196078431E-01    1.2532240752E-01
    1.0588235294E-01    1.4972758092E-01
    1.0980392157E-01    1.7404185529E-01
    1.1372549020E-01    1.9825046955E-01
    1.1764705882E-01    2.2233872672E-01
    1.2156862745E-01    2.4629200294E-01
    1.2549019608E-01    2.7009575626E-01
    1.2941176471E-01    2.9373553551E-01
    1.3333333333E-01    3.1719698908E-01
    1.3725490196E-01    3.4046587361E-01
    1.4117647059E-01    3.6352806266E-01
    1.4509803922E-01    3.8636955525E-01
    1.4901960784E-01    4.0897648442E-01
    1.5294117647E-01    4.3133512559E-01
    1.5686274510E-01    4.5343190490E-01
    1.6078431373E-01    4.7525340750E-01
    1.6470588235E-01    4.9678638564E-01
    1.6862745098E-01    5.1801776672E-01
    1.7254901961E-01    5.3893466127E-01
    1.7647058824E-01    5.5952437072E-01
    1.8039215686E-01    5.7977439514E-01
    1.8431372549E-01    5.9967244081E-01
    1.8823529412E-01    6.1920642772E-01
    1.9215686275E-01    6.3836449685E-01
    1.9607843137E-01    6.5713501742E-01
    2.0000000000E-01    6.7550659393E-01
    2.0392156863E-01    6.9346807305E-01
    2.0784313725E-01    7.1100855045E-01
    2.1176470588E-01    7.2811737737E-01
    2.1568627451E-01    7.4478416711E-01
    2.1960784314E-01    7.6099880133E-01
    2.2352941176E-01    7.7675143619E-01
    2.2745098039E-01    7.9203250832E-01
    2.3137254902E-01    8.0683274065E-01
    2.3529411765E-01    8.2114314802E-01
    2.3921568627E-01    8.3495504263E-01
    2.4313725490E-01    8.4826003933E-01
    2.4705882353E-01    8.6105006072E-01
    2.5098039216E-01    8.7331734203E-01
    2.5490196078E-01    8.8505443583E-01
    2.5882352941E-01    8.9625421658E-01
    2.6274509804E-01    9.0690988494E-01
    2.6666666667E-01    9.1701497191E-01
    2.7058823529E-01    9.2656334270E-01
    2.7450980392E-01    9.3554920056E-01
    2.7843137255E-01    9.4396709020E-01
    2.8235294118E-01    9.5181190116E-01
    2.8627450980E-01    9.5907887087E-01
    2.9019607843E-01    9.6576358759E-01
    2.9411764706E-01    9.7186199306E-01
    2.9803921569E-01    9.7737038496E-01
    3.0196078431E-01    9.8228541917E-01
    3.0588235294E-01    9.8660411178E-01
    3.0980392157E-01    9.9032384094E-01
    3.1372549020E-01    9.9344234841E-01
    3.1764705882E-01    9.9595774097E-01
    3.2156862745E-01    9.9786849151E-01
    3.2549019608E-01    9.9917344005E-01
    3.2941176471E-01    9.9987179434E-01
    3.3333333333E-01    9.9996313042E-01
    3.3725490196E-01    9.9944739284E-01
    3.4117647059E-01    9.9832489470E-01
    3.4509803922E-01    9.9659631747E-01
    3.4901960784E-01    9.9426271055E-01
    3.5294117647E-01    9.9132549068E-01
    3.5686274510E-01    9.8778644102E-01
    3.6078431373E-01    9.8364771012E-01
    3.6470588235E-01    9.7891181058E-01
    3.6862745098E-01    9.7358161756E-01
    3.7254901961E-01    9.6766036699E-01
    3.7647058824E-01    9.6115165364E-01
    3.8039215686E-01    9.5405942893E-01
    3.8431372549E-01    9.4638799850E-01
    3.8823529412E-01    9.3814201967E-01
    3.9215686275E-01    9.2932649853E-01
    3.9607843137E-01    9.1994678694E-01
    4.0000000000E-01    9.1000857930E-01
    4.0392156863E-01    8.9951790906E-01
    4.0784313725E-01    8.8848114505E-01
    4.1176470588E-01    8.7690498765E-01
    4.1568627451E-01    8.6479646470E-01
    4.1960784314E-01    8.5216292723E-01
    4.2352941176E-01    8.3901204503E-01
    4.2745098039E-01    8.2535180193E-01
    4.3137254902E-01    8.1119049102E-01
    4.3529411765E-01    7.9653670957E-01
    4.3921568627E-01    7.8139935383E-01
    4.4313725490E-01    7.6578761364E-01
    4.4705882353E-01    7.4971096682E-01
    4.5098039216E-01    7.3317917343E-01
    4.5490196078E-01    7.1620226987E-01
    4.5882352941E-01    6.9879056274E-01
    4.6274509804E-01    6.8095462263E-01
    4.6666666667E-01    6.6270527766E-01
    4.7058823529E-01    6.4405360694E-01
    4.7450980392E-01    6.2501093382E-01
    4.7843137255E-01    6.0558881903E-01
    4.8235294118E-01    5.8579905367E-01
    4.8627450980E-01    5.6565365202E-01
    4.9019607843E-01    5.4516484427E-01
    4.9411764706E-01    5.2434506911E-01
    4.9803921569E-01    5.0320696612E-01
    5.0196078431E-01    4.8176336818E-01
    5.0588235294E-01    4.6002729361E-01
    5.0980392157E-01    4.3801193828E-01
    5.1372549020E-01    4.1573066764E-01
    5.1764705882E-01    3.9319700855E-01
    5.2156862745E-01    3.7042464112E-01
    5.2549019608E-01    3.4742739035E-01
    5.2941176471E-01    3.2421921779E-01
    5.3333333333E-01    3.0081421302E-01
    5.3725490196E-01    2.7722658513E-01
    5.4117647059E-01    2.5347065408E-01
    5.4509803922E-01    2.2956084200E-01
    5.4901960784E-01    2.0551166444E-01
    5.5294117647E-01    1.8133772156E-01
    5.5686274510E-01    1.5705368927E-01
    5.6078431373E-01    1.3267431031E-01
    5.6470588235E-01    1.0821438529E-01
    5.6862745098E-01    8.3688763754E-02
    5.7254901961E-01    5.9112335097E-02
    5.7647058824E-01    3.4500019575E-02
    5.8039215686E-01    9.8667592276E-03
    5.8431372549E-01   -1.4772491190E-02
    5.8823529412E-01   -3.9402773287E-02
    5.9215686275E-01   -6.4009134116E-02
    5.9607843137E-01   -8.8576635252E-02
    6.0000000000E-01   -1.1309036186E-01
    6.0392156863E-01   -1.3753543176E-01
    6.0784313725E-01   -1.6189700445E-01
    6.1176470588E-01   -1.8616029010E-01
    6.1568627451E-01   -2.1031055858E-01
    6.1960784314E-01   -2.3433314835E-01
    6.2352941176E-01   -2.5821347539E-01
    6.2745098039E-01   -2.8193704205E-01
    6.3137254902E-01   -3.0548944585E-01
    6.3529411765E-01   -3.2885638822E-01
    6.3921568627E-01   -3.5202368317E-01
    6.4313725490E-01   -3.7497726594E-01
    6.4705882353E-01   -3.9770320149E-01
    6.5098039216E-01   -4.2018769300E-01
    6.5490196078E-01   -4.4241709023E-01
    6.5882352941E-01   -4.6437789779E-01
    6.6274509804E-01   -4.8605678336E-01
    6.6666666667E-01   -5.0744058579E-01
    6.7058823529E-01   -5.2851632304E-01
    6.7450980392E-01   -5.4927120012E-01
    6.7843137255E-01   -5.6969261683E-01
    6.8235294118E-01   -5.8976817541E-01
    6.8627450980E-01   -6.0948568806E-01
    6.9019607843E-01   -6.2883318436E-01
    6.9411764706E-01   -6.4779891852E-01
    6.9803921569E-01   -6.6637137652E-01
    7.0196078431E-01   -6.8453928310E-01
    7.0588235294E-01   -7.0229160858E-01
    7.0980392157E-01   -7.1961757561E-01
    7.1372549020E-01   -7.3650666565E-01
    7.1764705882E-01   -7.5294862541E-01
    7.2156862745E-01   -7.6893347303E-01
    7.2549019608E-01   -7.8445150419E-01
    7.2941176471E-01   -7.9949329794E-01
    7.3333333333E-01   -8.1404972248E-01
    7.3725490196E-01   -8.2811194064E-01
    7.4117647059E-01   -8.4167141533E-01
    7.4509803922E-01   -8.5471991462E-01
    7.4901960784E-01   -8.6724951684E-01
    7.5294117647E-01   -8.7925261531E-01
    7.5686274510E-01   -8.9072192299E-01
    7.6078431373E-01   -9.0165047691E-01
    7.6470588235E-01   -9.1203164240E-01
    7.6862745098E-01   -9.2185911709E-01
    7.7254901961E-01   -9.3112693475E-01
    7.7647058824E-01   -9.3982946893E-01
    7.8039215686E-01   -9.4796143636E-01
    7.8431372549E-01   -9.5551790016E-01
    7.8823529412E-01   -9.6249427281E-01
    7.9215686275E-01   -9.6888631900E-01
    7.9607843137E-01   -9.7469015814E-01
    8.0000000000E-01   -9.7990226674E-01
    8.0392156863E-01   -9.8451948055E-01
    8.0784313725E-01   -9.8853899647E-01
    8.1176470588E-01   -9.9195837428E-01
    8.1568627451E-01   -9.9477553809E-01
    8.1960784314E-01   -9.9698877760E-01
    8.2352941176E-01   -9.9859674917E-01
    8.2745098039E-01   -9.9959847661E-01
    8.3137254902E-01   -9.9999335176E-01
    8.3529411765E-01   -9.9978113490E-01
    8.3921568627E-01   -9.9896195488E-01
    8.4313725490E-01   -9.9753630900E-01
    8.4705882353E-01   -9.9550506277E-01
    8.5098039216E-01   -9.9286944936E-01
    8.5490196078E-01   -9.8963106883E-01
    8.5882352941E-01   -9.8579188720E-01
    8.6274509804E-01   -9.8135423521E-01
    8.6666666667E-01   -9.7632080695E-01
    8.7058823529E-01   -9.7069465818E-01
    8.7450980392E-01   -9.6447920453E-01
    8.7843137255E-01   -9.5767821937E-01
    8.8235294118E-01   -9.5029583156E-01
    8.8627450980E-01   -9.4233652290E-01
    8.9019607843E-01   -9.3380512546E-01
    8.9411764706E-01   -9.2470681863E-01
    8.9803921569E-01   -9.1504712595E-01
    9.0196078431E-01   -9.0483191177E-01
    9.0588235294E-01   -8.9406737772E-01
    9.0980392157E-01   -8.8276005891E-01
    9.1372549020E-01   -8.7091681995E-01
    9.1764705882E-01   -8.5854485084E-01
    9.2156862745E-01   -8.4565166254E-01
    9.2549019608E-01   -8.3224508246E-01
    9.2941176471E-01   -8.1833324969E-01
    9.3333333333E-01   -8.0392461004E-01
    9.3725490196E-01   -7.8902791094E-01
    9.4117647059E-01   -7.7365219611E-01
    9.4509803922E-01   -7.5780680010E-01
    9.4901960784E-01   -7.4150134258E-01
    9.5294117647E-01   -7.2474572252E-01
    9.5686274510E-01   -7.0755011220E-01
    9.6078431373E-01   -6.8992495101E-01
    9.6470588235E-01   -6.7188093911E-01
    9.6862745098E-01   -6.5342903095E-01
    9.7254901961E-01   -6.3458042861E-01
    9.7647058824E-01   -6.1534657502E-01
    9.8039215686E-01   -5.9573914681E-01
    9.8431372549E-01   -5.7577004874E-01
    9.8823529412E-01   -5.5545139643E-01
    9.9215686275E-01   -5.3479557065E-01
    9.9607843137E-01   -5.1381485697E-01
    1.0000000000E+00   -4.9252332137E-01
