    0.0000000000E+00   -7.6420601057E-01
    3.9215686275E-03   -7.4808368837E-01
    7.8431372549E-03   -7.3150648887E-01
    1.1764705882E-02   -7.1448818369E-01
    1.5686274510E-02   -6.9702419452E-01
    1.9607843137E-02   -6.7918262270E-01
    2.3529411765E-02   -6.6076172920E-01
    2.7450980392E-02   -6.4252575633E-01
    3.1372549020E-02   -6.2193060549E-01
    3.5294117647E-02   -6.0728756015E-01
    3.9215686275E-02   -5.7282414428E-01
    4.3137254902E-02   -5.9511008190E-01
    4.7058823529E-02   -4.5711115795E-01
    5.0980392157E-02   -7.4575648614E-01
    5.4901960784E-02    5.0840032754E-02
    5.8823529412E-02   -1.7722577479E+00
    6.2745098039E-02    2.4077390041E+00
    6.6666666667E-02   -6.4346383137E+00
    7.0588235294E-02    1.1413441583E+01
    7.4509803922E-02   -2.2282115547E+01
    7.8431372549E-02    3.7534032754E+01
    8.2352941176E-02   -6.1463896280E+01
    8.6274509804E-02    9.0995216486E+01
    9.0196078431E-02   -1.2592353554E+02
    9.4117647059E-02    1.5763246011E+02
    9.8039215686E-02   -1.7986303999E+02
    1.0196078431E-01    1.8236424039E+02
    1.0588235294E-01   -1.6338500808E+02
    1.0980392157E-01    1.2512776029E+02
    1.1372549020E-01   -8.0094538781E+01
    1.1764705882E-01    4.0005090064E+01
    1.2156862745E-01   -1.4446314354E+01
    1.2549019608E-01    2.7570947540E+00
    1.2941176471E-01   -8.1241209095E-02
    1.3333333333E-01   -5.6660529575E-02
    1.3725490196E-01   -3.2045451675E-02
    1.4117647059E-01   -7.4109191044E-03
    1.4509803922E-01    1.7228112603E-02
    1.4901960784E-01    4.1856685193E-02
    1.5294117647E-01    6.6459846755E-02
    1.5686274510E-01    9.1022660804E-02
    1.6078431373E-01    1.1553021536E-01
    1.6470588235E-01    1.3996763197E-01
    1.6862745098E-01    1.6432007480E-01
    1.7254901961E-01    1.8857275955E-01
    1.7647058824E-01    2.1271096254E-01
    1.8039215686E-01    2.3672002952E-01
    1.8431372549E-01    2.6058538473E-01
    1.8823529412E-01    2.8429253956E-01
    1.9215686275E-01    3.0782710154E-01
    1.9607843137E-01    3.3117478289E-01
    2.0000000000E-01    3.5432140934E-01
    2.0392156863E-01    3.7725292867E-01
    2.0784313725E-01    3.9995541923E-01
    2.1176470588E-01    4.2241509844E-01
    2.1568627451E-01    4.4461833112E-01
    2.1960784314E-01    4.6655163777E-01
    2.2352941176E-01    4.8820170276E-01
    2.2745098039E-01    5.0955538243E-01
    2.3137254902E-01    5.3059971304E-01
    2.3529411765E-01    5.5132191868E-01
    2.3921568627E-01    5.7170941894E-01
    2.4313725490E-01    5.9174983669E-01
    2.4705882353E-01    6.1143100545E-01
    2.5098039216E-01    6.3074097686E-01
    2.5490196078E-01    6.4966802793E-01
    2.5882352941E-01    6.6820066809E-01
    2.6274509804E-01    6.8632764629E-01
    2.6666666667E-01    7.0403795767E-01
    2.7058823529E-01    7.2132085041E-01
    2.7450980392E-01    7.3816583210E-01
    2.7843137255E-01    7.5456267624E-01
    2.8235294118E-01    7.7050142837E-01
    2.8627450980E-01    7.8597241212E-01
    2.9019607843E-01    8.0096623514E-01
    2.9411764706E-01    8.1547379471E-01
    2.9803921569E-01    8.2948628338E-01
    3.0196078431E-01    8.4299519420E-01
    3.0588235294E-01    8.5599232598E-01
    3.0980392157E-01    8.6846978820E-01
    3.1372549020E-01    8.8042000585E-01
    3.1764705882E-01    8.9183572399E-01
    3.2156862745E-01    9.0271001220E-01
    3.2549019608E-01    9.1303626872E-01
    3.2941176471E-01    9.2280822454E-01
    3.3333333333E-01    9.3201994714E-01
    3.3725490196E-01    9.4066584411E-01
    3.4117647059E-01    9.4874066658E-01
    3.4509803922E-01    9.5623951233E-01
    3.4901960784E-01    9.6315782886E-01
    3.5294117647E-01    9.6949141609E-01
    3.5686274510E-01    9.7523642890E-01
    3.6078431373E-01    9.8038937955E-01
    3.6470588235E-01    9.8494713967E-01
    3.6862745098E-01    9.8890694229E-01
    3.7254901961E-01    9.9226638340E-01
    3.7647058824E-01    9.9502342354E-01
    3.8039215686E-01    9.9717638887E-01
    3.8431372549E-01    9.9872397238E-01
    3.8823529412E-01    9.9966523450E-01
    3.9215686275E-01    9.9999960382E-01
    3.9607843137E-01    9.9972687733E-01
    4.0000000000E-01    9.9884722061E-01
    4.0392156863E-01    9.9736116769E-01
    4.0784313725E-01    9.9526962077E-01
    4.1176470588E-01    9.9257384957E-01
    4.1568627451E-01    9.8927549074E-01
    4.1960784314E-01    9.8537654665E-01
    4.2352941176E-01    9.8087938438E-01
    4.2745098039E-01    9.7578673409E-01
    4.3137254902E-01    9.7010168755E-01
    4.3529411765E-01    9.6382769611E-01
    4.3921568627E-01    9.5696856869E-01
    4.4313725490E-01    9.4952846943E-01
    4.4705882353E-01    9.4151191520E-01
    4.5098039216E-01    9.3292377281E-01
    4.5490196078E-01    9.2376925608E-01
    4.5882352941E-01    9.1405392270E-01
    4.6274509804E-01    9.0378367079E-01
    4.6666666667E-01    8.9296473540E-01
    4.7058823529E-01    8.8160368464E-01
    4.7450980392E-01    8.6970741578E-01
    4.7843137255E-01    8.5728315098E-01
    4.8235294118E-01    8.4433843298E-01
    4.8627450980E-01    8.3088112044E-01
    4.9019607843E-01    8.1691938328E-01
    4.9411764706E-01    8.0246169757E-01
    4.9803921569E-01    7.8751684056E-01
    5.0196078431E-01    7.7209388518E-01
    5.0588235294E-01    7.5620219466E-01
    5.0980392157E-01    7.3985141677E-01
    5.1372549020E-01    7.2305147803E-01
    5.1764705882E-01    7.0581257758E-01
    5.2156862745E-01    6.8814518112E-01
    5.2549019608E-01    6.7006001442E-01
    5.2941176471E-01    6.5156805697E-01
    5.3333333333E-01    6.3268053509E-01
    5.3725490196E-01    6.1340891540E-01
    5.4117647059E-01    5.9376489755E-01
    5.4509803922E-01    5.7376040741E-01
    5.4901960784E-01    5.5340758957E-01
    5.5294117647E-01    5.3271880019E-01
    5.5686274510E-01    5.1170659932E-01
    5.6078431373E-01    4.9038374341E-01
    5.6470588235E-01    4.6876317746E-01
    5.6862745098E-01    4.4685802724E-01
    5.7254901961E-01    4.2468159129E-01
    5.7647058824E-01    4.0224733281E-01
    5.8039215686E-01    3.7956887158E-01
    5.8431372549E-01    3.5665997558E-01
    5.8823529412E-01    3.3353455273E-01
    5.9215686275E-01    3.1020664236E-01
    5.9607843137E-01    2.8669040677E-01
    6.0000000000E-01    2.6300012256E-01
    6.0392156863E-01    2.3915017203E-01
    6.0784313725E-01    2.1515503437E-01
    6.1176470588E-01    1.9102927694E-01
    6.1568627451E-01    1.6678754639E-01
    6.1960784314E-01    1.4244455978E-01
    6.2352941176E-01    1.1801509565E-01
    6.2745098039E-01    9.3513985008E-02
    6.3137254902E-01    6.8956102407E-02
    6.3529411765E-01    4.4356356824E-02
    6.3921568627E-01    1.9729682671E-02
    6.4313725490E-01   -4.9089692874E-03
    6.4705882353E-01   -2.9544641041E-02
    6.5098039216E-01   -5.4162376347E-02
    6.5490196078E-01   -7.8747229900E-02
    6.5882352941E-01   -1.0328427631E-01
    6.6274509804E-01   -1.2775861925E-01
    6.6666666667E-01   -1.5215540045E-01
    6.7058823529E-01   -1.7645980869E-01
    6.7450980392E-01   -2.0065708889E-01
    6.7843137255E-01   -2.2473255095E-01
    6.8235294118E-01   -2.4867157879E-01
    6.8627450980E-01   -2.7245963907E-01
    6.9019607843E-01   -2.9608229021E-01
    6.9411764706E-01   -3.1952519094E-01
    6.9803921569E-01   -3.4277410921E-01
    7.0196078431E-01   -3.6581493065E-01
    7.0588235294E-01   -3.8863366732E-01
    7.0980392157E-01   -4.1121646601E-01
    7.1372549020E-01   -4.3354961681E-01
    7.1764705882E-01   -4.5561956136E-01
    7.2156862745E-01   -4.7741290107E-01
    7.2549019608E-01   -4.9891640530E-01
    7.2941176471E-01   -5.2011701936E-01
    7.3333333333E-01   -5.4100187242E-01
    7.3725490196E-01   -5.6155828541E-01
    7.4117647059E-01   -5.8177377855E-01
    7.4509803922E-01   -6.0163607917E-01
    7.4901960784E-01   -6.2113312886E-01
    7.5294117647E-01   -6.4025309113E-01
    7.5686274510E-01   -6.5898435825E-01
    7.6078431373E-01   -6.7731555860E-01
    7.6470588235E-01   -6.9523556332E-01
    7.6862745098E-01   -7.1273349330E-01
    7.7254901961E-01   -7.2979872560E-01
    7.7647058824E-01   -7.4642089997E-01
    7.8039215686E-01   -7.6258992517E-01
    7.8431372549E-01   -7.7829598503E-01
    7.8823529412E-01   -7.9352954450E-01
    7.9215686275E-01   -8.0828135530E-01
    7.9607843137E-01   -8.2254246170E-01
    8.0000000000E-01   -8.3630420582E-01
    8.0392156863E-01   -8.4955823296E-01
    8.0784313725E-01   -8.6229649668E-01
    8.1176470588E-01   -8.7451126358E-01
    8.1568627451E-01   -8.8619511817E-01
    8.1960784314E-01   -8.9734096719E-01
    8.2352941176E-01   -9.0794204409E-01
    8.2745098039E-01   -9.1799191293E-01
    8.3137254902E-01   -9.2748447254E-01
    8.3529411765E-01   -9.3641395997E-01
    8.3921568627E-01   -9.4477495421E-01
    8.4313725490E-01   -9.5256237930E-01
    8.4705882353E-01   -9.5977150755E-01
    8.5098039216E-01   -9.6639796230E-01
    8.5490196078E-01   -9.7243772069E-01
    8.5882352941E-01   -9.7788711596E-01
    8.6274509804E-01   -9.8274283985E-01
    8.6666666667E-01   -9.8700194444E-01
    8.7058823529E-01   -9.9066184407E-01
    8.7450980392E-01   -9.9372031679E-01
    8.7843137255E-01   -9.9617550585E-01
    8.8235294118E-01   -9.9802592069E-01
    8.8627450980E-01   -9.9927043796E-01
    8.9019607843E-01   -9.9990830208E-01
    8.9411764706E-01   -9.9993912584E-01
    8.9803921569E-01   -9.9936289051E-01
    9.0196078431E-01   -9.9817994591E-01
    9.0588235294E-01   -9.9639101023E-01
    9.0980392157E-01   -9.9399716950E-01
    9.1372549020E-01   -9.9099987703E-01
    9.1764705882E-01   -9.8740095243E-01
    9.2156862745E-01   -9.8320258065E-01
    9.2549019608E-01   -9.7840731045E-01
    9.2941176471E-01   -9.7301805306E-01
    9.3333333333E-01   -9.6703808024E-01
    9.3725490196E-01   -9.6047102244E-01
    9.4117647059E-01   -9.5332086647E-01
    9.4509803922E-01   -9.4559195318E-01
    9.4901960784E-01   -9.3728897476E-01
    9.5294117647E-01   -9.2841697190E-01
    9.5686274510E-01   -9.1898133078E-01
    9.6078431373E-01   -9.0898777972E-01
    9.6470588235E-01   -8.9844238579E-01
    9.6862745098E-01   -8.8735155102E-01
    9.7254901961E-01   -8.7572200865E-01
    9.7647058824E-01   -8.6356081891E-01
    9.8039215686E-01   -8.5087536480E-01
    9.8431372549E-01   -8.3767334766E-01
    9.8823529412E-01   -8.2396278225E-01
    9.9215686275E-01   -8.0975199264E-01
    9.9607843137E-01   -7.9504960417E-01
    1.0000000000E+00   -7.7986455206E-01
